802
20150228
20150307
20150314
20150321
20150328
20150403
20150404
20150411
20150418
20150425
20150501
20150502
20150509
20150516
20150523
20150530
20150606
20150607
20150613
6
6,1,1,1,1,1,1,1,20150223,20150614
20150228
20150301
20150307
20150308
20150314
20150315
20150321
20150322
20150328
20150329
20150403
20150404
20150405
20150406
20150411
20150412
20150418
20150419
20150425
20150426
20150501
20150502
20150503
20150509
20150510
20150514
20150516
20150517
20150523
20150524
20150530
20150531
20150606
20150607
20150613
20150614
613
20150301
20150308
20150315
20150322
20150329
20150405
20150412
20150419
20150426
20150503
20150510
20150517
20150524
20150531
580
20150228
20150307
20150314
20150321
20150328
20150404
20150411
20150418
20150425
20150502
20150509
20150516
20150523
20150530
20150613
608
20150301
20150308
20150315
20150322
20150329
20150403
20150405
20150406
20150412
20150419
20150426
20150501
20150503
20150510
20150514
20150517
20150524
20150531
20150606
20150607
