802
201502281
201503071
201503141
201503211
201503281
201504031
201504041
201504111
201504181
201504251
201505011
201505021
201505091
201505161
201505231
201505301
201506061
201506071
201506131
6
6,1,1,1,1,1,1,1,20150223,20150614
201502282
201503012
201503072
201503082
201503142
201503152
201503212
201503222
201503282
201503292
201504032
201504042
201504052
201504062
201504112
201504122
201504182
201504192
201504252
201504262
201505012
201505022
201505032
201505092
201505102
201505142
201505162
201505172
201505232
201505242
201505302
201505312
201506062
201506072
201506132
201506142
613
201503011
201503081
201503151
201503221
201503291
201504051
201504121
201504191
201504261
201505031
201505101
201505171
201505241
201505311
580
201502281
201503071
201503141
201503211
201503281
201504041
201504111
201504181
201504251
201505021
201505091
201505161
201505231
201505301
201506131
608
201503011
201503081
201503151
201503221
201503291
201504031
201504051
201504061
201504121
201504191
201504261
201505011
201505031
201505101
201505141
201505171
201505241
201505311
201506061
201506071
