227
20140613
643
20140615
20140621
20140622
20140629
20140706
20140713
20140720
20140727
20140803
20140810
644
20140615
20140621
20140629
20140706
20140713
20140720
20140727
20140803
20140810
40
20140609
20140610
20140611
20140612
20140613
1350
20140626
20140627
20140704
20140711
20140718
20140725
20140801
20140808
20140815
1351
20140627
20140628
20140705
20140712
20140719
20140726
20140802
20140809
20140816
633
20140620
20140628
20140705
20140712
20140719
20140726
20140802
20140809
20140816
603
20140616
20140617
20140618
20140619
20140623
20140624
20140625
20140626
20140627
20140630
20140701
20140702
20140703
20140704
20140707
20140708
20140709
20140710
20140711
20140714
20140715
20140716
20140717
20140718
20140721
20140722
20140723
20140724
20140725
20140728
20140729
20140730
20140731
20140801
20140804
20140805
20140806
20140807
20140808
20140811
20140812
20140813
20140814
20140815
202
20140614
