148
20140810
240
240,1,1,1,1,1,1,1,20140804,20141213
20140804
20140805
20140806
20140807
20140808
20140809
20140810
20140811
20140812
20140813
20140814
20140815
20140816
20140817
20140823
20140824
20140830
20140831
20140906
20140907
20140913
20140914
20140920
20140921
20140927
20140928
20141004
20141005
20141011
20141012
20141018
20141019
20141025
20141026
20141101
20141102
20141108
20141109
20141115
20141116
20141122
20141123
20141129
20141130
20141206
20141207
20141213
13
20140804
20140805
20140806
20140807
20140808
20140811
20140812
20140813
20140814
20140815
444
20140823
20140830
20140906
20140913
20140920
20140927
20141004
20141011
20141018
20141025
20141108
20141115
20141122
20141129
20141206
20141213
493
20140823
20140830
20140906
20140913
20140920
20140927
20141004
20141011
20141018
20141025
20141101
20141102
20141108
20141115
20141122
20141129
20141206
20141213
411
20140809
20140816
463
20140817
20140824
20140831
20140907
20140914
20140921
20140928
20141005
20141012
20141019
20141026
20141101
20141102
20141109
20141116
20141123
20141130
20141207
465
20140817
20140824
20140831
20140907
20140914
20140921
20140928
20141005
20141012
20141019
20141026
20141109
20141116
20141123
20141130
20141207
